DEVID: device07_2017


START OF LOG
0 0 0 0 0 0.000000 0.000000 0 0.00 0.0 44 11417
8 22 14 8 5 40.424191 -79.982296 4 0.40 0.0 44 17445
8 22 14 8 11 40.424183 -79.982284 5 0.22 0.0 43 23454
8 22 14 8 17 40.424197 -79.982291 5 0.06 0.0 44 29463
8 22 14 8 23 40.424195 -79.982341 5 0.99 0.0 44 35472
8 22 14 8 29 40.424187 -79.982369 5 0.67 0.0 45 41482
8 22 14 8 35 40.424213 -79.982372 5 1.71 0.0 44 47491
8 22 14 8 41 40.424211 -79.982360 5 0.20 0.0 43 53500
8 22 14 8 47 40.424206 -79.982373 5 0.46 0.0 44 59509
8 22 14 8 53 40.424216 -79.982380 5 0.70 0.0 44 65518
8 23 14 88 23 14 9 55 40.424174 -79.982414 4 0.24 44 6048
8 22 14 10 1 40.424207 -79.982370 4 0.87 0.0 43 12096
8 22 14 10 7 40.424223 -79.982371 5 0.38 0.0 43 18144
8 22 14 10 13 40.424225 -79.982361 5 0.39 0.0 43 24192
8 22 14 10 19 40.424210 -79.982377 4 0.46 0.0 43 30240
8 22 14 10 25 40.424188 -79.982388 5 0.81 0.0 44 36290
8 22 14 10 31 40.424172 -79.982397 5 0.14 0.0 44 42338
8 22 14 10 37 40.424164 -79.982393 5 0.33 0.0 43 48386
8 22 14 10 43 40.424161 -79.982383 5 0.45 0.0 43 54434
8 22 14 10 49 40.424159 -79.982373 5 0.46 0.0 43 60986
8 22 14 10 56 40.424154 -79.982363 5 0.38 0.0 43 67036
8 22 14 11 2 40.424148 -79.982363 5 0.32 0.0 43 73084
8 22 14 11 8 40.424144 -79.982364 6 0.31 0.0 44 79132
8 22 14 11 14 40.424134 -79.982382 5 0.30 0.0 43 85180
8 22 14 11 20 40.424126 -79.982397 5 0.18 0.0 43 91230
8 22 14 11 26 40.424130 -79.982396 5 0.39 0.0 43 97278
8 22 14 11 32 40.424140 -79.982390 5 0.28 0.0 43 103325
8 22 14 11 38 40.424150 -79.982380 5 0.51 0.0 43 109374
8 22 14 11 44 40.424157 -79.982372 5 0.36 0.0 43 115421
8 22 14 11 50 40.424157 -79.982374 5 0.13 0.0 43 121945
8 22 14 11 57 40.424167 -79.982348 6 0.20 0.0 43 127999
8 22 14 12 3 40.424163 -79.982342 6 0.13 0.0 43 134046
8 22 14 12 9 40.424162 -79.982339 5 0.24 0.0 43 140094
8 22 14 12 15 40.424162 -79.982333 5 0.10 0.0 43 146142
8 22 14 12 21 40.424151 -79.982344 5 0.68 0.0 43 152192
8 22 14 12 27 40.424147 -79.982339 6 0.38 0.0 43 158240
8 22 14 12 33 40.424150 -79.982331 5 0.05 0.0 43 164288
8 22 14 12 39 40.424156 -79.982330 5 0.29 0.0 43 170335
8 22 14 12 45 40.424163 -79.982309 5 0.30 0.0 43 176382
8 22 14 12 51 40.424174 -79.982286 5 0.33 0.0 43 182433
8 22 14 12 57 40.424174 -79.982293 5 0.05 0.0 43 188957
8 22 14 13 4 40.424180 -79.982290 5 0.70 0.0 43 195005
8 22 14 13 10 40.424175 -79.982310 5 0.09 0.0 43 201052
8 22 14 13 16 40.424171 -79.982314 5 0.39 0.0 43 207100
8 22 14 13 22 40.424171 -79.982318 5 0.51 0.0 43 213150
8 22 14 13 28 40.424169 -79.982322 6 0.03 0.0 43 219198
8 22 14 13 34 40.424167 -79.982322 6 0.23 0.0 43 225245
8 22 14 13 40 40.424167 -79.982318 6 0.46 0.0 43 231293
8 22 14 13 46 40.424166 -79.982314 6 0.05 0.0 43 237340
8 22 14 13 52 40.424159 -79.982325 6 0.08 0.0 43 243390
8 22 14 13 58 40.424157 -79.982330 5 0.15 0.0 43 249468
8 22 14 14 4 40.424160 -79.982324 5 0.14 0.0 43 255956
8 22 14 14 11 40.424158 -79.982327 5 0.32 0.0 43 262003
8 22 14 14 17 40.424161 -79.982328 5 0.21 0.0 43 268050
8 22 14 14 23 40.424164 -79.982323 5 0.36 0.0 43 274101
8 22 14 14 29 40.424165 -79.982314 6 0.02 0.0 43 280148
8 22 14 14 35 40.424165 -79.982311 6 0.06 0.0 43 286195
8 22 14 14 41 40.424157 -79.982316 6 0.48 0.0 43 292242
8 22 14 14 47 40.424151 -79.982321 5 0.33 0.0 43 298293
8 22 14 14 53 40.424150 -79.982317 6 0.10 0.0 42 304341
8 22 14 14 59 40.424158 -79.982307 5 0.36 0.0 42 310389
8 22 14 15 5 40.424161 -79.982303 5 0.53 0.0 42 316468
8 22 14 15 11 40.424159 -79.982309 5 0.17 0.0 43 322956
8 22 14 15 18 40.424167 -79.982303 5 0.18 0.0 43 329006
8 22 14 15 24 40.424174 -79.982302 5 0.17 0.0 43 335054
8 22 14 15 30 40.424171 -79.982303 5 0.44 0.0 43 341102
8 22 14 15 36 40.424170 -79.982303 5 0.41 0.0 43 347149
8 22 14 15 42 40.424165 -79.982314 6 0.22 0.0 43 353198
8 22 14 15 48 40.424158 -79.982326 5 0.00 0.0 43 359248
8 22 14 15 54 40.424147 -79.982334 5 0.62 0.0 43 365296
8 22 14 16 0 40.424146 -79.982332 6 0.45 0.0 42 371344
8 22 14 16 6 40.424138 -79.982319 5 0.22 0.0 43 377392
8 22 14 16 12 40.424141 -79.982298 5 0.31 0.0 43 383467
8 22 14 16 18 40.424141 -79.982283 4 0.89 0.0 42 389956
8 22 14 16 25 40.424137 -79.982287 4 0.07 0.0 43 396004
8 22 14 16 31 40.424140 -79.982288 5 0.83 0.0 43 402052
8 22 14 16 37 40.424149 -79.982276 5 0.16 0.0 43 408100
8 22 14 16 43 40.424151 -79.982295 4 0.30 0.0 43 414148
8 22 14 16 49 40.424155 -79.982302 4 0.64 0.0 43 420198
8 22 14 16 55 40.424123 -79.982354 5 0.41 0.0 42 426246
8 22 14 17 1 40.424093 -79.982395 6 0.28 0.0 42 432294
8 22 14 17 7 40.424092 -79.982401 5 0.00 0.0 42 438342
8 22 14 17 13 40.424092 -79.982404 5 0.35 0.0 43 444390
8 22 14 17 19 40.424095 -79.982397 5 0.37 0.0 42 450524
8 22 14 17 26 40.424109 -79.982379 5 0.08 0.0 42 456958
8 22 14 17 32 40.424120 -79.982353 5 0.64 0.0 42 463006
8 22 14 17 38 40.424121 -79.982347 5 0.08 0.0 43 469054
8 22 14 17 44 40.424116 -79.982348 6 0.32 0.0 43 475104
8 22 14 17 50 40.424113 -79.982356 5 0.23 0.0 42 481152
8 22 14 17 56 40.424123 -79.982345 6 0.07 0.0 42 487200
8 22 14 18 2 40.424138 -79.982349 6 0.17 0.0 43 493248
8 22 14 18 8 40.424147 -79.982376 6 0.68 0.0 42 499296
8 22 14 18 14 40.424150 -79.982383 5 0.44 0.0 42 505346
8 22 14 18 20 40.424149 -79.982385 5 0.29 0.0 42 511394
8 22 14 18 26 40.424153 -79.982376 5 0.38 0.0 42 517577
8 22 14 18 33 40.424163 -79.982365 5 0.25 0.0 42 523959
8 22 14 18 39 40.424166 -79.982358 5 0.47 0.0 43 530007
8 22 14 18 45 40.424170 -79.982342 5 0.23 0.0 43 536057
8 22 14 18 51 40.424167 -79.982343 5 0.53 0.0 42 542105
8 22 14 18 57 40.424170 -79.982332 5 0.32 0.0 42 548153
8 22 14 19 3 40.424161 -79.982334 5 0.30 0.0 42 554201
8 22 14 19 9 40.424151 -79.982337 5 0.31 0.0 42 560248
8 22 14 19 15 40.424143 -79.982338 6 0.20 0.0 42 566299
8 22 14 19 21 40.424138 -79.982334 5 0.41 0.0 42 572347
8 22 14 19 27 40.424133 -79.982338 5 0.35 0.0 43 578395
8 22 14 19 33 40.424129 -79.982339 5 0.16 0.0 42 584566
8 22 14 19 40 40.424130 -79.982332 5 0.62 0.0 42 590959
8 22 14 19 46 40.424132 -79.982326 5 0.21 0.0 42 597009
8 22 14 19 52 40.424128 -79.982330 5 0.38 0.0 42 603057
8 22 14 19 58 40.424127 -79.982332 5 0.21 0.0 41 609105
8 22 14 20 4 40.424135 -79.982328 5 0.22 0.0 42 615153
8 22 14 20 10 40.424142 -79.982314 5 0.18 0.0 43 621201
8 22 14 20 16 40.424145 -79.982292 5 0.61 0.0 42 627251
8 22 14 20 22 40.424149 -79.982279 5 0.16 0.0 42 633299
8 22 14 20 28 40.424151 -79.982274 5 0.37 0.0 42 639347
8 22 14 20 34 40.424155 -79.982278 7 0.43 0.0 42 645395
8 22 14 20 40 40.424156 -79.982285 6 0.09 0.0 42 651576
8 22 14 20 47 40.424153 -79.982296 6 0.29 0.0 42 657965
8 22 14 20 53 40.424153 -79.982297 6 0.06 0.0 42 664013
8 22 14 20 59 40.424147 -79.982304 6 0.05 0.0 42 670061
8 22 14 21 5 40.424146 -79.982310 7 0.35 0.0 42 676109
8 22 14 21 11 40.424146 -79.982308 6 0.16 0.0 41 682159
8 22 14 21 17 40.424143 -79.982314 6 0.13 0.0 42 688207
8 22 14 21 23 40.424138 -79.982311 6 0.03 0.0 42 694255
8 22 14 21 29 40.424137 -79.982304 6 0.21 0.0 42 700303
8 22 14 21 35 40.424137 -79.982305 6 0.15 0.0 42 706351
8 22 14 21 41 40.424135 -79.982309 6 0.14 0.0 42 712401
8 22 14 21 47 40.424133 -79.982319 6 0.07 0.0 42 718640
8 22 14 21 54 40.424140 -79.982318 6 0.03 0.0 42 724968
8 22 14 22 0 40.424143 -79.982319 6 0.10 0.0 42 731016
8 22 14 22 6 40.424144 -79.982310 6 0.32 0.0 42 737064
8 22 14 22 12 40.424146 -79.982306 6 0.13 0.0 42 743114
8 22 14 22 18 40.424151 -79.982307 6 0.30 0.0 42 749162
8 22 14 22 24 40.424154 -79.982311 6 0.17 0.0 42 755210
8 22 14 22 30 40.424147 -79.982325 6 0.08 0.0 42 761258
8 22 14 22 36 40.424139 -79.982331 6 0.25 0.0 42 767306
8 22 14 22 42 40.424139 -79.982334 6 0.16 0.0 42 773356
8 22 14 22 48 40.424127 -79.982322 6 0.13 0.0 42 779404
8 22 14 22 54 40.424108 -79.982310 6 0.33 0.0 41 785662
8 22 14 23 1 40.424090 -79.982306 6 0.12 0.0 41 791972
8 22 14 23 7 40.424085 -79.982315 6 0.33 0.0 42 798020
8 22 14 23 13 40.424095 -79.982323 6 0.12 0.0 42 804070
8 22 14 23 19 40.424081 -79.982311 6 0.30 0.0 42 810118
8 22 14 23 25 40.424075 -79.982302 6 0.21 0.0 42 816166
8 22 14 23 31 40.424052 -79.982295 6 0.45 0.0 42 822214
8 22 14 23 37 40.424030 -79.982285 6 0.54 0.0 42 828264
8 22 14 23 43 40.424035 -79.982286 6 0.38 0.0 42 834312
8 22 14 23 49 40.424039 -79.982278 6 0.92 0.0 42 840360
8 22 14 23 55 40.424050 -79.982277 6 0.75 0.0 41 846408
8 22 14 24 1 40.424061 -79.982282 6 0.24 0.0 41 852776
8 22 14 24 8 40.424092 -79.982290 6 0.58 0.0 41 858980
8 22 14 24 14 40.424137 -79.982320 6 2.83 0.0 42 865028
8 22 14 24 20 40.424141 -79.982331 6 1.13 0.0 41 871076
8 22 14 24 26 40.424136 -79.982334 7 0.39 0.0 41 877124
8 22 14 24 32 40.424146 -79.982331 7 0.38 0.0 42 883172
8 22 14 24 38 40.424169 -79.982331 7 0.52 0.0 42 889222
8 22 14 24 44 40.424165 -79.982331 7 0.06 0.0 41 895270
8 22 14 24 50 40.424153 -79.982326 7 0.02 0.0 41 901318
8 22 14 24 56 40.424148 -79.982322 7 0.17 0.0 41 907366
8 22 14 25 2 40.424151 -79.982317 7 0.14 0.0 42 913414
8 22 14 25 8 40.424161 -79.982317 7 0.20 0.0 40 919826
8 22 14 25 15 40.424151 -79.982316 7 0.09 0.0 42 925988
8 22 14 25 21 40.424142 -79.982314 7 0.20 0.0 42 932036
8 22 14 25 27 40.424146 -79.982315 6 0.23 0.0 41 938084
8 22 14 25 33 40.424148 -79.982319 6 0.12 0.0 41 944132
8 22 14 25 39 40.424161 -79.982304 5 0.69 0.0 41 950182
8 22 14 25 45 40.424098 -79.982341 7 1.90 0.0 41 956230
8 22 14 25 51 40.424082 -79.982358 6 1.59 0.0 41 962278
8 22 14 25 57 40.424103 -79.982350 7 0.05 0.0 41 968326
8 22 14 26 3 40.424119 -79.982345 7 0.24 0.0 41 974374
8 22 14 26 9 40.424112 -79.982347 7 0.55 0.0 42 980424
8 22 14 26 15 40.424104 -79.982353 7 0.41 0.0 40 986949
8 22 14 26 22 40.424120 -79.982341 7 0.28 0.0 41 992997
8 22 14 26 28 40.424118 -79.982339 7 0.33 0.0 41 999045
8 22 14 26 34 40.424105 -79.982340 7 0.21 0.0 41 1005095
8 22 14 26 40 40.424095 -79.982349 7 0.17 0.0 41 1011143
8 22 14 26 46 40.424089 -79.982352 7 0.24 0.0 40 1017191
8 22 14 26 52 40.424083 -79.982359 7 0.54 0.0 41 1023239
8 22 14 26 58 40.424085 -79.982359 7 0.68 0.0 41 1029287
8 22 14 27 4 40.424108 -79.982344 7 0.63 0.0 41 1035337
8 22 14 27 10 40.424117 -79.982338 7 0.05 0.0 41 1041385
8 22 14 27 16 40.424117 -79.982342 6 0.36 0.0 40 1047433
8 22 14 27 22 40.424118 -79.982344 6 0.17 0.0 40 1053955
8 22 14 27 29 40.424115 -79.982337 6 0.39 0.0 41 1060003
8 22 14 27 35 40.424109 -79.982330 6 0.26 0.0 41 1066053
8 22 14 27 41 40.424109 -79.982321 6 0.37 0.0 40 1072101
8 22 14 27 47 40.424110 -79.982318 7 0.02 0.0 41 1078149
8 22 14 27 53 40.424107 -79.982326 7 0.26 0.0 41 1084197
8 22 14 27 59 40.424107 -79.982326 7 0.32 0.0 40 1090245
8 22 14 28 5 40.424106 -79.982340 7 0.33 0.0 41 1096295
8 22 14 28 11 40.424103 -79.982354 7 0.18 0.0 41 1102343
8 22 14 28 17 40.424111 -79.982352 7 0.63 0.0 41 1108391
8 22 14 28 23 40.424121 -79.982345 6 0.21 0.0 40 1114530
8 22 14 28 30 40.424144 -79.982319 6 0.89 0.0 41 1120962
8 22 14 28 36 40.424146 -79.982319 6 0.31 0.0 40 1127010
8 22 14 28 42 40.424141 -79.982317 6 0.01 0.0 40 1133058
8 22 14 28 48 40.424143 -79.982306 5 0.03 0.0 40 1139106
8 22 14 28 54 40.424158 -79.982287 6 0.01 0.0 41 1145154
8 22 14 29 0 40.424166 -79.982283 6 0.30 0.0 41 1151204
8 22 14 29 6 40.424166 -79.982287 6 0.09 0.0 41 1157252
8 22 14 29 12 40.424165 -79.982298 6 0.54 0.0 39 1163300
8 22 14 29 18 40.424146 -79.982327 6 0.20 0.0 41 1169348
8 22 14 29 24 40.424151 -79.982324 5 0.56 0.0 40 1175396
8 22 14 29 30 40.424158 -79.982327 6 0.17 0.0 39 1181556
8 22 14 29 37 40.424166 -79.982334 6 0.69 0.0 41 1187957
8 22 14 29 43 40.424171 -79.982346 6 0.43 0.0 41 1194005
8 22 14 29 49 40.424172 -79.982336 6 0.83 0.0 40 1200053
8 22 14 29 55 40.424195 -79.982350 7 2.43 0.0 40 1206101
8 22 14 30 1 40.424255 -79.982207 6 3.10 0.0 40 1212151
8 22 14 30 7 40.424252 -79.982273 7 0.72 0.0 40 1218199
8 22 14 30 13 40.424264 -79.982234 6 1.94 0.0 41 1224247
8 22 14 30 19 40.424251 -79.982234 5 0.37 0.0 41 1230295
8 22 14 30 25 40.424229 -79.982250 7 0.43 0.0 41 1236345
8 22 14 30 31 40.424205 -79.982278 7 0.33 0.0 40 1242393
8 22 14 30 37 40.424189 -79.982296 7 0.20 0.0 40 1248551
8 22 14 30 44 40.424166 -79.982330 7 0.20 0.0 39 1254965
8 22 14 30 50 40.424153 -79.982356 7 0.30 0.0 41 1261014
8 22 14 30 56 40.424150 -79.982371 7 0.21 0.0 41 1267064
8 22 14 31 2 40.424148 -79.982381 7 0.15 0.0 41 1273112
8 22 14 31 8 40.424151 -79.982373 7 0.12 0.0 41 1279160
8 22 14 31 14 40.424158 -79.982352 7 0.43 0.0 40 1285208
8 22 14 31 20 40.424160 -79.982346 7 0.10 0.0 41 1291256
8 22 14 31 26 40.424163 -79.982339 7 0.46 0.0 40 1297306
8 22 14 31 32 40.424164 -79.982335 7 0.12 0.0 41 1303354
8 22 14 31 38 40.424162 -79.982347 7 0.20 0.0 40 1309402
8 22 14 31 44 40.424160 -79.982355 7 0.43 0.0 40 1315698
8 22 14 31 51 40.424153 -79.982365 7 0.43 0.0 40 1321972
8 22 14 31 57 40.424145 -79.982373 7 0.28 0.0 40 1328023
8 22 14 32 3 40.424147 -79.982364 7 0.40 0.0 40 1334071
8 22 14 32 9 40.424155 -79.982355 7 0.09 0.0 41 1340119
8 22 14 32 15 40.424162 -79.982349 7 0.23 0.0 40 1346167
8 23 14 32 21 40.424165 -79.982348 23 14 32 34 40.424182 -79.982265 6 0.24 100 6048
8 22 14 32 40 40.424154 -79.982301 7 0.63 0.0 100 12096
8 22 14 32 46 40.424160 -79.982319 7 0.06 0.0 100 18144
8 22 14 32 52 40.424159 -79.982326 7 0.62 0.0 100 24191
8 22 14 32 58 40.424155 -79.982326 6 0.16 0.0 100 30242
8 22 14 33 4 40.424159 -79.982336 7 0.07 0.0 100 36290
8 22 14 33 10 40.424163 -79.982342 7 0.44 0.0 100 42338
8 22 14 33 16 40.424164 -79.982336 7 0.13 0.0 100 48386
8 22 14 33 22 40.424162 -79.982322 7 0.40 0.0 100 54910
8 22 14 33 29 40.424162 -79.982316 7 0.29 0.0 100 60960
8 22 14 33 35 40.424172 -79.982311 7 0.78 0.0 100 67008
8 22 14 33 41 40.424176 -79.982315 7 0.36 0.0 100 73055
8 22 14 33 47 40.424181 -79.982309 7 0.05 0.0 100 79102
8 22 14 33 53 40.424182 -79.982316 7 0.54 0.0 100 85150
8 22 14 33 59 40.424186 -79.982326 7 0.40 0.0 100 91200
8 22 14 34 5 40.424187 -79.982342 7 0.01 0.0 100 97248
8 22 14 34 11 40.424188 -79.982345 7 0.09 0.0 100 103295
8 22 14 34 17 40.424185 -79.982342 7 0.28 0.0 100 109344
8 22 14 34 23 40.424187 -79.982331 7 0.26 0.0 100 115392
8 23 14 34 29 40.424188 -79.982325 7 0
























































































































































































































































































































































































































































































START OF LOG
0 0 0 0 0 0.000000 0.000000 0 0.00 0.0 44 11417
8 22 14 8 5 40.424191 -79.982296 4 0.40 0.0 44 17445
8 22 14 8 11 40.424183 -79.982284 5 0.22 0.0 43 23454
8 22 14 8 17 40.424197 -79.982291 5 0.06 0.0 44 29463
8 22 14 8 23 40.424195 -79.982341 5 0.99 0.0 44 35472
8 22 14 8 29 40.424187 -79.982369 5 0.67 0.0 45 41482
8 22 14 8 35 40.424213 -79.982372 5 1.71 0.0 44 47491
8 22 14 8 41 40.424211 -79.982360 5 0.20 0.0 43 53500
8 22 14 8 47 40.424206 -79.982373 5 0.46 0.0 44 59509
8 22 14 8 53 40.424216 -79.982380 5 0.70 0.0 44 65518
8 23 14 88 23 14 9 55 40.424174 -79.982414 4 0.24 44 6048
8 22 14 10 1 40.424207 -79.982370 4 0.87 0.0 43 12096
8 22 14 10 7 40.424223 -79.982371 5 0.38 0.0 43 18144
8 22 14 10 13 40.424225 -79.982361 5 0.39 0.0 43 24192
8 22 14 10 19 40.424210 -79.982377 4 0.46 0.0 43 30240
8 22 14 10 25 40.424188 -79.982388 5 0.81 0.0 44 36290
8 22 14 10 31 40.424172 -79.982397 5 0.14 0.0 44 42338
8 22 14 10 37 40.424164 -79.982393 5 0.33 0.0 43 48386
8 22 14 10 43 40.424161 -79.982383 5 0.45 0.0 43 54434
8 22 14 10 49 40.424159 -79.982373 5 0.46 0.0 43 60986
8 22 14 10 56 40.424154 -79.982363 5 0.38 0.0 43 67036
8 22 14 11 2 40.424148 -79.982363 5 0.32 0.0 43 73084
8 22 14 11 8 40.424144 -79.982364 6 0.31 0.0 44 79132
8 22 14 11 14 40.424134 -79.982382 5 0.30 0.0 43 85180
8 22 14 11 20 40.424126 -79.982397 5 0.18 0.0 43 91230
8 22 14 11 26 40.424130 -79.982396 5 0.39 0.0 43 97278
8 22 14 11 32 40.424140 -79.982390 5 0.28 0.0 43 103325
8 22 14 11 38 40.424150 -79.982380 5 0.51 0.0 43 109374
8 22 14 11 44 40.424157 -79.982372 5 0.36 0.0 43 115421
8 22 14 11 50 40.424157 -79.982374 5 0.13 0.0 43 121945
8 22 14 11 57 40.424167 -79.982348 6 0.20 0.0 43 127999
8 22 14 12 3 40.424163 -79.982342 6 0.13 0.0 43 134046
8 22 14 12 9 40.424162 -79.982339 5 0.24 0.0 43 140094
8 22 14 12 15 40.424162 -79.982333 5 0.10 0.0 43 146142
8 22 14 12 21 40.424151 -79.982344 5 0.68 0.0 43 152192
8 22 14 12 27 40.424147 -79.982339 6 0.38 0.0 43 158240
8 22 14 12 33 40.424150 -79.982331 5 0.05 0.0 43 164288
8 22 14 12 39 40.424156 -79.982330 5 0.29 0.0 43 170335
8 22 14 12 45 40.424163 -79.982309 5 0.30 0.0 43 176382
8 22 14 12 51 40.424174 -79.982286 5 0.33 0.0 43 182433
8 22 14 12 57 40.424174 -79.982293 5 0.05 0.0 43 188957
8 22 14 13 4 40.424180 -79.982290 5 0.70 0.0 43 195005
8 22 14 13 10 40.424175 -79.982310 5 0.09 0.0 43 201052
8 22 14 13 16 40.424171 -79.982314 5 0.39 0.0 43 207100
8 22 14 13 22 40.424171 -79.982318 5 0.51 0.0 43 213150
8 22 14 13 28 40.424169 -79.982322 6 0.03 0.0 43 219198
8 22 14 13 34 40.424167 -79.982322 6 0.23 0.0 43 225245
8 22 14 13 40 40.424167 -79.982318 6 0.46 0.0 43 231293
8 22 14 13 46 40.424166 -79.982314 6 0.05 0.0 43 237340
8 22 14 13 52 40.424159 -79.982325 6 0.08 0.0 43 243390
8 22 14 13 58 40.424157 -79.982330 5 0.15 0.0 43 249468
8 22 14 14 4 40.424160 -79.982324 5 0.14 0.0 43 255956
8 22 14 14 11 40.424158 -79.982327 5 0.32 0.0 43 262003
8 22 14 14 17 40.424161 -79.982328 5 0.21 0.0 43 268050
8 22 14 14 23 40.424164 -79.982323 5 0.36 0.0 43 274101
8 22 14 14 29 40.424165 -79.982314 6 0.02 0.0 43 280148
8 22 14 14 35 40.424165 -79.982311 6 0.06 0.0 43 286195
8 22 14 14 41 40.424157 -79.982316 6 0.48 0.0 43 292242
8 22 14 14 47 40.424151 -79.982321 5 0.33 0.0 43 298293
8 22 14 14 53 40.424150 -79.982317 6 0.10 0.0 42 304341
8 22 14 14 59 40.424158 -79.982307 5 0.36 0.0 42 310389
8 22 14 15 5 40.424161 -79.982303 5 0.53 0.0 42 316468
8 22 14 15 11 40.424159 -79.982309 5 0.17 0.0 43 322956
8 22 14 15 18 40.424167 -79.982303 5 0.18 0.0 43 329006
8 22 14 15 24 40.424174 -79.982302 5 0.17 0.0 43 335054
8 22 14 15 30 40.424171 -79.982303 5 0.44 0.0 43 341102
8 22 14 15 36 40.424170 -79.982303 5 0.41 0.0 43 347149
8 22 14 15 42 40.424165 -79.982314 6 0.22 0.0 43 353198
8 22 14 15 48 40.424158 -79.982326 5 0.00 0.0 43 359248
8 22 14 15 54 40.424147 -79.982334 5 0.62 0.0 43 365296
8 22 14 16 0 40.424146 -79.982332 6 0.45 0.0 42 371344
8 22 14 16 6 40.424138 -79.982319 5 0.22 0.0 43 377392
8 22 14 16 12 40.424141 -79.982298 5 0.31 0.0 43 383467
8 22 14 16 18 40.424141 -79.982283 4 0.89 0.0 42 389956
8 22 14 16 25 40.424137 -79.982287 4 0.07 0.0 43 396004
8 22 14 16 31 40.424140 -79.982288 5 0.83 0.0 43 402052
8 22 14 16 37 40.424149 -79.982276 5 0.16 0.0 43 408100
8 22 14 16 43 40.424151 -79.982295 4 0.30 0.0 43 414148
8 22 14 16 49 40.424155 -79.982302 4 0.64 0.0 43 420198
8 22 14 16 55 40.424123 -79.982354 5 0.41 0.0 42 426246
8 22 14 17 1 40.424093 -79.982395 6 0.28 0.0 42 432294
8 22 14 17 7 40.424092 -79.982401 5 0.00 0.0 42 438342
8 22 14 17 13 40.424092 -79.982404 5 0.35 0.0 43 444390
8 22 14 17 19 40.424095 -79.982397 5 0.37 0.0 42 450524
8 22 14 17 26 40.424109 -79.982379 5 0.08 0.0 42 456958
8 22 14 17 32 40.424120 -79.982353 5 0.64 0.0 42 463006
8 22 14 17 38 40.424121 -79.982347 5 0.08 0.0 43 469054
8 22 14 17 44 40.424116 -79.982348 6 0.32 0.0 43 475104
8 22 14 17 50 40.424113 -79.982356 5 0.23 0.0 42 481152
8 22 14 17 56 40.424123 -79.982345 6 0.07 0.0 42 487200
8 22 14 18 2 40.424138 -79.982349 6 0.17 0.0 43 493248
8 22 14 18 8 40.424147 -79.982376 6 0.68 0.0 42 499296
8 22 14 18 14 40.424150 -79.982383 5 0.44 0.0 42 505346
8 22 14 18 20 40.424149 -79.982385 5 0.29 0.0 42 511394
8 22 14 18 26 40.424153 -79.982376 5 0.38 0.0 42 517577
8 22 14 18 33 40.424163 -79.982365 5 0.25 0.0 42 523959
8 22 14 18 39 40.424166 -79.982358 5 0.47 0.0 43 530007
8 22 14 18 45 40.424170 -79.982342 5 0.23 0.0 43 536057
8 22 14 18 51 40.424167 -79.982343 5 0.53 0.0 42 542105
8 22 14 18 57 40.424170 -79.982332 5 0.32 0.0 42 548153
8 22 14 19 3 40.424161 -79.982334 5 0.30 0.0 42 554201
8 22 14 19 9 40.424151 -79.982337 5 0.31 0.0 42 560248
8 22 14 19 15 40.424143 -79.982338 6 0.20 0.0 42 566299
8 22 14 19 21 40.424138 -79.982334 5 0.41 0.0 42 572347
8 22 14 19 27 40.424133 -79.982338 5 0.35 0.0 43 578395
8 22 14 19 33 40.424129 -79.982339 5 0.16 0.0 42 584566
8 22 14 19 40 40.424130 -79.982332 5 0.62 0.0 42 590959
8 22 14 19 46 40.424132 -79.982326 5 0.21 0.0 42 597009
8 22 14 19 52 40.424128 -79.982330 5 0.38 0.0 42 603057
8 22 14 19 58 40.424127 -79.982332 5 0.21 0.0 41 609105
8 22 14 20 4 40.424135 -79.982328 5 0.22 0.0 42 615153
8 22 14 20 10 40.424142 -79.982314 5 0.18 0.0 43 621201
8 22 14 20 16 40.424145 -79.982292 5 0.61 0.0 42 627251
8 22 14 20 22 40.424149 -79.982279 5 0.16 0.0 42 633299
8 22 14 20 28 40.424151 -79.982274 5 0.37 0.0 42 639347
8 22 14 20 34 40.424155 -79.982278 7 0.43 0.0 42 645395
8 22 14 20 40 40.424156 -79.982285 6 0.09 0.0 42 651576
8 22 14 20 47 40.424153 -79.982296 6 0.29 0.0 42 657965
8 22 14 20 53 40.424153 -79.982297 6 0.06 0.0 42 664013
8 22 14 20 59 40.424147 -79.982304 6 0.05 0.0 42 670061
8 22 14 21 5 40.424146 -79.982310 7 0.35 0.0 42 676109
8 22 14 21 11 40.424146 -79.982308 6 0.16 0.0 41 682159
8 22 14 21 17 40.424143 -79.982314 6 0.13 0.0 42 688207
8 22 14 21 23 40.424138 -79.982311 6 0.03 0.0 42 694255
8 22 14 21 29 40.424137 -79.982304 6 0.21 0.0 42 700303
8 22 14 21 35 40.424137 -79.982305 6 0.15 0.0 42 706351
8 22 14 21 41 40.424135 -79.982309 6 0.14 0.0 42 712401
8 22 14 21 47 40.424133 -79.982319 6 0.07 0.0 42 718640
8 22 14 21 54 40.424140 -79.982318 6 0.03 0.0 42 724968
8 22 14 22 0 40.424143 -79.982319 6 0.10 0.0 42 731016
8 22 14 22 6 40.424144 -79.982310 6 0.32 0.0 42 737064
8 22 14 22 12 40.424146 -79.982306 6 0.13 0.0 42 743114
8 22 14 22 18 40.424151 -79.982307 6 0.30 0.0 42 749162
8 22 14 22 24 40.424154 -79.982311 6 0.17 0.0 42 755210
8 22 14 22 30 40.424147 -79.982325 6 0.08 0.0 42 761258
8 22 14 22 36 40.424139 -79.982331 6 0.25 0.0 42 767306
8 22 14 22 42 40.424139 -79.982334 6 0.16 0.0 42 773356
8 22 14 22 48 40.424127 -79.982322 6 0.13 0.0 42 779404
8 22 14 22 54 40.424108 -79.982310 6 0.33 0.0 41 785662
8 22 14 23 1 40.424090 -79.982306 6 0.12 0.0 41 791972
8 22 14 23 7 40.424085 -79.982315 6 0.33 0.0 42 798020
8 22 14 23 13 40.424095 -79.982323 6 0.12 0.0 42 804070
8 22 14 23 19 40.424081 -79.982311 6 0.30 0.0 42 810118
8 22 14 23 25 40.424075 -79.982302 6 0.21 0.0 42 816166
8 22 14 23 31 40.424052 -79.982295 6 0.45 0.0 42 822214
8 22 14 23 37 40.424030 -79.982285 6 0.54 0.0 42 828264
8 22 14 23 43 40.424035 -79.982286 6 0.38 0.0 42 834312
8 22 14 23 49 40.424039 -79.982278 6 0.92 0.0 42 840360
8 22 14 23 55 40.424050 -79.982277 6 0.75 0.0 41 846408
8 22 14 24 1 40.424061 -79.982282 6 0.24 0.0 41 852776
8 22 14 24 8 40.424092 -79.982290 6 0.58 0.0 41 858980
8 22 14 24 14 40.424137 -79.982320 6 2.83 0.0 42 865028
8 22 14 24 20 40.424141 -79.982331 6 1.13 0.0 41 871076
8 22 14 24 26 40.424136 -79.982334 7 0.39 0.0 41 877124
8 22 14 24 32 40.424146 -79.982331 7 0.38 0.0 42 883172
8 22 14 24 38 40.424169 -79.982331 7 0.52 0.0 42 889222
8 22 14 24 44 40.424165 -79.982331 7 0.06 0.0 41 895270
8 22 14 24 50 40.424153 -79.982326 7 0.02 0.0 41 901318
8 22 14 24 56 40.424148 -79.982322 7 0.17 0.0 41 907366
8 22 14 25 2 40.424151 -79.982317 7 0.14 0.0 42 913414
8 22 14 25 8 40.424161 -79.982317 7 0.20 0.0 40 919826
8 22 14 25 15 40.424151 -79.982316 7 0.09 0.0 42 925988
8 22 14 25 21 40.424142 -79.982314 7 0.20 0.0 42 932036
8 22 14 25 27 40.424146 -79.982315 6 0.23 0.0 41 938084
8 22 14 25 33 40.424148 -79.982319 6 0.12 0.0 41 944132
8 22 14 25 39 40.424161 -79.982304 5 0.69 0.0 41 950182
8 22 14 25 45 40.424098 -79.982341 7 1.90 0.0 41 956230
8 22 14 25 51 40.424082 -79.982358 6 1.59 0.0 41 962278
8 22 14 25 57 40.424103 -79.982350 7 0.05 0.0 41 968326
8 22 14 26 3 40.424119 -79.982345 7 0.24 0.0 41 974374
8 22 14 26 9 40.424112 -79.982347 7 0.55 0.0 42 980424
8 22 14 26 15 40.424104 -79.982353 7 0.41 0.0 40 986949
8 22 14 26 22 40.424120 -79.982341 7 0.28 0.0 41 992997
8 22 14 26 28 40.424118 -79.982339 7 0.33 0.0 41 999045
8 22 14 26 34 40.424105 -79.982340 7 0.21 0.0 41 1005095
8 22 14 26 40 40.424095 -79.982349 7 0.17 0.0 41 1011143
8 22 14 26 46 40.424089 -79.982352 7 0.24 0.0 40 1017191
8 22 14 26 52 40.424083 -79.982359 7 0.54 0.0 41 1023239
8 22 14 26 58 40.424085 -79.982359 7 0.68 0.0 41 1029287
8 22 14 27 4 40.424108 -79.982344 7 0.63 0.0 41 1035337
8 22 14 27 10 40.424117 -79.982338 7 0.05 0.0 41 1041385
8 22 14 27 16 40.424117 -79.982342 6 0.36 0.0 40 1047433
8 22 14 27 22 40.424118 -79.982344 6 0.17 0.0 40 1053955
8 22 14 27 29 40.424115 -79.982337 6 0.39 0.0 41 1060003
8 22 14 27 35 40.424109 -79.982330 6 0.26 0.0 41 1066053
8 22 14 27 41 40.424109 -79.982321 6 0.37 0.0 40 1072101
8 22 14 27 47 40.424110 -79.982318 7 0.02 0.0 41 1078149
8 22 14 27 53 40.424107 -79.982326 7 0.26 0.0 41 1084197
8 22 14 27 59 40.424107 -79.982326 7 0.32 0.0 40 1090245
8 22 14 28 5 40.424106 -79.982340 7 0.33 0.0 41 1096295
8 22 14 28 11 40.424103 -79.982354 7 0.18 0.0 41 1102343
8 22 14 28 17 40.424111 -79.982352 7 0.63 0.0 41 1108391
8 22 14 28 23 40.424121 -79.982345 6 0.21 0.0 40 1114530
8 22 14 28 30 40.424144 -79.982319 6 0.89 0.0 41 1120962
8 22 14 28 36 40.424146 -79.982319 6 0.31 0.0 40 1127010
8 22 14 28 42 40.424141 -79.982317 6 0.01 0.0 40 1133058
8 22 14 28 48 40.424143 -79.982306 5 0.03 0.0 40 1139106
8 22 14 28 54 40.424158 -79.982287 6 0.01 0.0 41 1145154
8 22 14 29 0 40.424166 -79.982283 6 0.30 0.0 41 1151204
8 22 14 29 6 40.424166 -79.982287 6 0.09 0.0 41 1157252
8 22 14 29 12 40.424165 -79.982298 6 0.54 0.0 39 1163300
8 22 14 29 18 40.424146 -79.982327 6 0.20 0.0 41 1169348
8 22 14 29 24 40.424151 -79.982324 5 0.56 0.0 40 1175396
8 22 14 29 30 40.424158 -79.982327 6 0.17 0.0 39 1181556
8 22 14 29 37 40.424166 -79.982334 6 0.69 0.0 41 1187957
8 22 14 29 43 40.424171 -79.982346 6 0.43 0.0 41 1194005
8 22 14 29 49 40.424172 -79.982336 6 0.83 0.0 40 1200053
8 22 14 29 55 40.424195 -79.982350 7 2.43 0.0 40 1206101
8 22 14 30 1 40.424255 -79.982207 6 3.10 0.0 40 1212151
8 22 14 30 7 40.424252 -79.982273 7 0.72 0.0 40 1218199
8 22 14 30 13 40.424264 -79.982234 6 1.94 0.0 41 1224247
8 22 14 30 19 40.424251 -79.982234 5 0.37 0.0 41 1230295
8 22 14 30 25 40.424229 -79.982250 7 0.43 0.0 41 1236345
8 22 14 30 31 40.424205 -79.982278 7 0.33 0.0 40 1242393
8 22 14 30 37 40.424189 -79.982296 7 0.20 0.0 40 1248551
8 22 14 30 44 40.424166 -79.982330 7 0.20 0.0 39 1254965
8 22 14 30 50 40.424153 -79.982356 7 0.30 0.0 41 1261014
8 22 14 30 56 40.424150 -79.982371 7 0.21 0.0 41 1267064
8 22 14 31 2 40.424148 -79.982381 7 0.15 0.0 41 1273112
8 22 14 31 8 40.424151 -79.982373 7 0.12 0.0 41 1279160
8 22 14 31 14 40.424158 -79.982352 7 0.43 0.0 40 1285208
8 22 14 31 20 40.424160 -79.982346 7 0.10 0.0 41 1291256
8 22 14 31 26 40.424163 -79.982339 7 0.46 0.0 40 1297306
8 22 14 31 32 40.424164 -79.982335 7 0.12 0.0 41 1303354
8 22 14 31 38 40.424162 -79.982347 7 0.20 0.0 40 1309402
8 22 14 31 44 40.424160 -79.982355 7 0.43 0.0 40 1315698
8 22 14 31 51 40.424153 -79.982365 7 0.43 0.0 40 1321972
8 22 14 31 57 40.424145 -79.982373 7 0.28 0.0 40 1328023
8 22 14 32 3 40.424147 -79.982364 7 0.40 0.0 40 1334071
8 22 14 32 9 40.424155 -79.982355 7 0.09 0.0 41 1340119
8 22 14 32 15 40.424162 -79.982349 7 0.23 0.0 40 1346167
8 23 14 32 21 40.424165 -79.982348 23 14 32 34 40.424182 -79.982265 6 0.24 100 6048
8 22 14 32 40 40.424154 -79.982301 7 0.63 0.0 100 12096
8 22 14 32 46 40.424160 -79.982319 7 0.06 0.0 100 18144
8 22 14 32 52 40.424159 -79.982326 7 0.62 0.0 100 24191
8 22 14 32 58 40.424155 -79.982326 6 0.16 0.0 100 30242
8 22 14 33 4 40.424159 -79.982336 7 0.07 0.0 100 36290
8 22 14 33 10 40.424163 -79.982342 7 0.44 0.0 100 42338
8 22 14 33 16 40.424164 -79.982336 7 0.13 0.0 100 48386
8 22 14 33 22 40.424162 -79.982322 7 0.40 0.0 100 54910
8 22 14 33 29 40.424162 -79.982316 7 0.29 0.0 100 60960
8 22 14 33 35 40.424172 -79.982311 7 0.78 0.0 100 67008
8 22 14 33 41 40.424176 -79.982315 7 0.36 0.0 100 73055
8 22 14 33 47 40.424181 -79.982309 7 0.05 0.0 100 79102
8 22 14 33 53 40.424182 -79.982316 7 0.54 0.0 100 85150
8 22 14 33 59 40.424186 -79.982326 7 0.40 0.0 100 91200
8 22 14 34 5 40.424187 -79.982342 7 0.01 0.0 100 97248
8 22 14 34 11 40.424188 -79.982345 7 0.09 0.0 100 103295
8 22 14 34 17 40.424185 -79.982342 7 0.28 0.0 100 109344
8 22 14 34 23 40.424187 -79.982331 7 0.26 0.0 100 115392
8 23 14 34 29 40.424188 -79.982325 7 0











































Ë≈+ÿdLHr§$h‰<ƒ;EÏ§xdLH∞l‰