0 40.776515 -119.219556
1 40.775831 -119.217211
2 40.774293 -119.215732
3 40.774092 -119.213233
4 40.772897 -119.211279
5 40.773192 -119.208797
6 40.772420 -119.206500
7 40.773192 -119.204203
8 40.772897 -119.201721
9 40.774092 -119.199767
10 40.774293 -119.197268
11 40.775831 -119.195789
12 40.776515 -119.193444
13 40.778290 -119.192541
14 40.779410 -119.190510
15 40.781302 -119.190245
16 40.782782 -119.188665
17 40.782441 -119.186987
18 40.780798 -119.188639
19 40.778752 -119.189005
20 40.777489 -119.191162
21 40.775584 -119.192215
22 40.774787 -119.194731
23 40.773154 -119.196399
24 40.772877 -119.199102
25 40.771626 -119.201271
26 40.771888 -119.203977
27 40.771105 -119.206500
28 40.771888 -119.209023
29 40.771626 -119.211729
30 40.772877 -119.213898
31 40.773154 -119.216601
32 40.774787 -119.218269
33 40.775584 -119.220785
34 40.777489 -119.221838
35 40.778752 -119.223995
36 40.780798 -119.224361
37 40.782441 -119.226013
38 40.784489 -119.225667
39 40.786400 -119.226701
40 40.788311 -119.225667
41 40.790359 -119.226013
42 40.792002 -119.224361
43 40.794048 -119.223995
44 40.795311 -119.221838
45 40.797216 -119.220785
46 40.798013 -119.218269
47 40.799646 -119.216601
48 40.799923 -119.213898
49 40.801174 -119.211729
64 40.783463 -119.192023
65 40.783122 -119.190344
66 40.781805 -119.191850
67 40.780068 -119.192015
68 40.779091 -119.193920
69 40.777445 -119.194673
70 40.776875 -119.196847
71 40.775433 -119.198137
72 40.775308 -119.200432
73 40.774168 -119.202171
74 40.774497 -119.204430
75 40.773736 -119.206500
76 40.774497 -119.208570
77 40.774168 -119.210829
78 40.775308 -119.212568
79 40.775433 -119.214863
80 40.776875 -119.216153
81 40.777445 -119.218327
82 40.779091 -119.219080
83 40.780068 -119.220985
84 40.781805 -119.221150
85 40.783122 -119.222656
86 40.784833 -119.222221
87 40.786400 -119.223226
88 40.787967 -119.222221
89 40.789678 -119.222656
90 40.790995 -119.221150
91 40.792732 -119.220985
92 40.793709 -119.219080
93 40.795355 -119.218327
94 40.795925 -119.216153
95 40.797367 -119.214863
96 40.797492 -119.212568
97 40.798632 -119.210829
98 40.799903 -119.211279
99 40.798708 -119.213233
100 40.798507 -119.215732
101 40.796969 -119.217211
102 40.796285 -119.219556
103 40.794510 -119.220459
104 40.793390 -119.222490
105 40.791498 -119.222755
106 40.790018 -119.224335
107 40.788139 -119.223944
108 40.786400 -119.224964
109 40.784661 -119.223944
110 40.782782 -119.224335
111 40.781302 -119.222755
112 40.779410 -119.222490
113 40.778290 -119.220459
128 40.778963 -119.214037
129 40.779306 -119.215869
130 40.780693 -119.216323
131 40.781384 -119.217975
132 40.782812 -119.217939
133 40.783803 -119.219299
134 40.785176 -119.218776
135 40.786400 -119.219750
136 40.787624 -119.218776
137 40.788997 -119.219299
138 40.789988 -119.217939
139 40.791416 -119.217975
140 40.792107 -119.216323
141 40.793494 -119.215869
142 40.793837 -119.214037
143 40.795088 -119.213125
144 40.795061 -119.211238
145 40.796091 -119.209929
146 40.797362 -119.210379
147 40.796277 -119.211903
148 40.796228 -119.213994
149 40.794881 -119.215095
150 40.794424 -119.217098
151 40.792908 -119.217702
152 40.792074 -119.219480
153 40.790491 -119.219544
154 40.789337 -119.220977
155 40.787795 -119.220498
156 40.786400 -119.221488
157 40.785005 -119.220498
158 40.783463 -119.220977
159 40.782309 -119.219544
160 40.780726 -119.219480
161 40.779892 -119.217702
162 40.778376 -119.217098
163 40.777919 -119.215095
164 40.776572 -119.213994
165 40.776523 -119.211903
166 40.775438 -119.210379
167 40.775801 -119.208343
168 40.775052 -119.206500
169 40.775801 -119.204657
170 40.775438 -119.202621
171 40.776523 -119.201097
172 40.776572 -119.199006
173 40.777919 -119.197905
174 40.778376 -119.195902
175 40.779892 -119.195298
176 40.780726 -119.193520
177 40.782309 -119.193456
192 40.794820 -119.209480
193 40.793845 -119.210573
194 40.793949 -119.212256
195 40.792794 -119.212980
196 40.792564 -119.214641
197 40.791306 -119.214944
198 40.790758 -119.216470
199 40.789484 -119.216334
200 40.788656 -119.217620
201 40.787452 -119.217053
202 40.786400 -119.218013
203 40.785348 -119.217053
204 40.784144 -119.217620
205 40.783316 -119.216334
206 40.782042 -119.216470
207 40.781494 -119.214944
208 40.780236 -119.214641
209 40.780006 -119.212980
210 40.778851 -119.212256
211 40.778955 -119.210573
212 40.777980 -119.209480
213 40.778410 -119.207889
214 40.777683 -119.206500
215 40.778410 -119.205111
216 40.777980 -119.203520
217 40.778955 -119.202427
218 40.778851 -119.200744
219 40.780006 -119.200020
220 40.780236 -119.198359
221 40.781494 -119.198056
222 40.782042 -119.196530
223 40.783316 -119.196666
224 40.784144 -119.195380
225 40.783803 -119.193701
226 40.782812 -119.195061
227 40.781384 -119.195025
228 40.780693 -119.196677
229 40.779306 -119.197131
230 40.778963 -119.198963
231 40.777712 -119.199875
232 40.777739 -119.201762
233 40.776709 -119.203071
234 40.777106 -119.204884
235 40.776367 -119.206500
236 40.777106 -119.208116
237 40.776709 -119.209929
238 40.777739 -119.211238
239 40.777712 -119.213125
256 40.790512 -119.206500
257 40.791695 -119.204626
258 40.791148 -119.202880
259 40.790277 -119.201380
260 40.789141 -119.200229
261 40.787819 -119.199506
262 40.786400 -119.199259
263 40.784981 -119.199506
264 40.783659 -119.200229
265 40.782523 -119.201380
266 40.781652 -119.202880
267 40.781105 -119.204626
268 40.780918 -119.206500
269 40.781105 -119.208374
270 40.781652 -119.210120
271 40.782523 -119.211620
272 40.783659 -119.212771
273 40.784981 -119.213494
274 40.786400 -119.213741
275 40.787819 -119.213494
276 40.789141 -119.212771
277 40.790277 -119.211620
278 40.791148 -119.210120
279 40.791695 -119.208374
280 40.791882 -119.206500
281 40.793253 -119.206500
282 40.793019 -119.204157
283 40.792335 -119.201975
284 40.791246 -119.200100
285 40.789826 -119.198662
286 40.788174 -119.197758
287 40.786400 -119.197449
288 40.784626 -119.197758
289 40.782974 -119.198662
290 40.781554 -119.200100
291 40.780465 -119.201975
292 40.779781 -119.204157
293 40.779547 -119.206500
294 40.779781 -119.208843
295 40.780465 -119.211025
296 40.781554 -119.212900
297 40.782974 -119.214338
298 40.784626 -119.215242
299 40.786400 -119.215551
300 40.788174 -119.215242
301 40.789826 -119.214338
302 40.791246 -119.212900
303 40.792335 -119.211025
304 40.793019 -119.208843
320 40.787854 -119.204580
321 40.788338 -119.203940
322 40.789307 -119.202660
323 40.790761 -119.200740
324 40.789792 -119.202020
325 40.788823 -119.203300
326 40.786885 -119.205860
327 40.787854 -119.208420
328 40.789307 -119.210340
329 40.790761 -119.212260
330 40.789792 -119.210980
331 40.788823 -119.209700
332 40.786885 -119.207140
333 40.784946 -119.208420
334 40.784462 -119.209060
335 40.783493 -119.210340
336 40.782039 -119.212260
337 40.783008 -119.210980
338 40.783977 -119.209700
339 40.785915 -119.207140
340 40.784946 -119.204580
341 40.783493 -119.202660
342 40.782039 -119.200740
343 40.783008 -119.202020
344 40.783977 -119.203300
345 40.785915 -119.205860
346 40.786400 -119.206500
347 40.787771 -119.206500
348 40.786400 -119.208310
349 40.785029 -119.206500
350 40.786400 -119.204690
351 40.787109 -119.203003
352 40.784462 -119.203940
353 40.783752 -119.207437
354 40.785691 -119.209997
355 40.788338 -119.209060
356 40.789048 -119.205563
357 40.789961 -119.203785
358 40.788456 -119.201797
359 40.786400 -119.201070
360 40.784344 -119.201797
361 40.782839 -119.203785
362 40.782288 -119.206500
363 40.782839 -119.209215
364 40.784344 -119.211203
365 40.786400 -119.211930
366 40.788456 -119.211203
367 40.789961 -119.209215
384 40.794459 -119.206500
385 40.795775 -119.206500
386 40.797090 -119.206500
387 40.799064 -119.206500
388 40.800380 -119.206500
389 40.801695 -119.206500
390 40.810071 -119.198123
391 40.801174 -119.201271
392 40.799903 -119.201721
393 40.798632 -119.202171
394 40.796726 -119.202846
395 40.795455 -119.203295
396 40.794184 -119.203745
397 40.793379 -119.201178
398 40.794519 -119.200309
399 40.795658 -119.199440
400 40.797367 -119.198137
401 40.798507 -119.197268
402 40.799646 -119.196399
403 40.799579 -119.193144
404 40.799541 -119.189144
405 40.796512 -119.189094
406 40.797216 -119.192215
407 40.796285 -119.193444
408 40.795355 -119.194673
409 40.793959 -119.196516
410 40.793029 -119.197745
411 40.792099 -119.198974
412 40.790429 -119.197282
413 40.791087 -119.195777
414 40.791745 -119.194272
415 40.792732 -119.192015
416 40.793390 -119.190510
417 40.794048 -119.189005
418 40.792743 -119.175237
419 40.790359 -119.186987
420 40.790018 -119.188665
421 40.789678 -119.190344
422 40.789167 -119.192862
423 40.788826 -119.194540
424 40.788486 -119.196219
425 40.786400 -119.195856
426 40.786400 -119.194118
427 40.786400 -119.192381
428 40.786400 -119.189774
429 40.786400 -119.188036
430 40.786400 -119.186299
448 40.772036 -119.221057
449 40.770421 -119.218931
450 40.768616 -119.216470
451 40.766696 -119.213962
452 40.764470 -119.211087
453 40.765909 -119.207209
454 40.767170 -119.204054
455 40.768330 -119.200990
456 40.769386 -119.198321
457 40.770395 -119.195729
458 40.771479 -119.192956
459 40.772510 -119.190270
460 40.773725 -119.187243
461 40.774938 -119.184056
462 40.776493 -119.180256
463 40.779558 -119.180980
464 40.782219 -119.181589
465 40.784784 -119.182100
466 40.787032 -119.182602
467 40.789365 -119.183101
468 40.791542 -119.183572
469 40.793795 -119.184038
470 40.796350 -119.184629
471 40.799020 -119.185166
472 40.802100 -119.185764
473 40.802553 -119.189832
474 40.802960 -119.193358
475 40.803407 -119.196733
476 40.803760 -119.199708
477 40.804116 -119.202584
478 40.804494 -119.205665
479 40.804875 -119.208635
480 40.805261 -119.212023
481 40.805722 -119.215537
482 40.806183 -119.219813
483 40.803394 -119.221639
484 40.800981 -119.223240
485 40.798689 -119.224845
486 40.796655 -119.226207
487 40.794694 -119.227544
488 40.792592 -119.228971
489 40.790572 -119.230366
490 40.788252 -119.231898
491 40.785863 -119.233564
492 40.783118 -119.235503
493 40.780750 -119.232524
494 40.778851 -119.229988
495 40.776988 -119.227604
496 40.775378 -119.225471
497 40.773698 -119.223275
