0 17.252801 56.163223
1 16.646746 51.677696
2 13.905595 48.077126
3 14.481232 43.586830
4 12.765837 39.398882
5 14.483938 35.209825
6 13.911202 30.719901
7 16.654681 27.117559
8 17.263635 22.631639
9 20.845528 19.861506
10 22.594671 15.685299
11 26.770879 13.936155
12 29.541012 10.354262
13 34.026931 9.745308
14 37.629273 7.001830
15 42.119198 7.574566
16 46.308255 5.856465
17 50.496203 7.571859
18 54.986498 6.996222
19 58.587068 9.737373
20 63.072596 10.343428
21 65.840414 13.923532
22 70.015492 15.669978
23 71.761938 19.845056
24 75.342042 22.612875
25 75.948097 27.098402
26 78.689248 30.698972
27 78.113611 35.189267
28 79.829005 39.377215
29 78.110904 43.566272
30 78.683640 48.056197
31 75.940162 51.658539
32 75.331208 56.144459
33 72.833678 54.703047
34 73.275646 50.555573
35 75.897729 47.310550
36 75.251266 43.190702
37 76.944568 39.378147
38 75.253729 35.566686
39 75.902855 31.446419
40 73.282867 28.203089
41 72.843580 24.055900
42 69.472993 21.601729
43 67.975228 17.710242
44 64.083741 16.212477
45 61.629570 12.841890
46 57.482381 12.402603
47 54.239051 9.782615
48 50.118784 10.431741
49 46.307323 8.740902
64 42.494768 10.434205
65 38.374920 9.787741
66 35.129897 12.409824
67 30.982423 12.851792
68 28.526074 16.223966
69 24.633618 17.724245
70 23.133338 21.616701
71 19.761165 24.073050
72 19.319197 28.220524
73 16.697114 31.465548
74 17.343577 35.585396
75 15.650275 39.397950
76 17.341114 43.209412
77 16.691988 47.329678
78 19.311975 50.573008
79 19.751263 54.720197
80 22.249725 53.277171
81 21.977205 49.468321
82 19.478382 46.582231
83 20.200996 42.831993
84 18.534712 39.397018
85 20.203216 35.960966
86 19.483025 32.211195
87 21.983713 29.323489
88 22.258695 25.514462
89 25.421149 23.371896
90 26.672564 19.763191
91 30.281268 18.511776
92 32.423835 15.349322
93 36.232862 15.074340
94 39.120568 12.573652
95 42.870339 13.293843
96 46.306391 11.625339
97 49.741366 13.291624
98 53.491603 12.569009
99 56.377694 15.067832
100 60.186544 15.340352
101 62.327067 18.501423
102 65.934964 19.750506
103 67.184047 23.358403
104 70.345118 25.498926
105 70.617638 29.307777
106 73.116461 32.193867
107 72.393847 35.944104
108 74.060131 39.379079
109 72.391627 42.815131
110 73.111818 46.564902
111 70.611130 49.452608
112 70.336148 53.261635
113 67.838618 51.820224
128 67.946614 48.349643
129 70.325906 45.819255
130 69.531988 42.439560
131 71.175693 39.380011
132 69.533964 36.321523
133 70.330067 32.941314
134 67.952409 30.412464
135 67.846656 26.941952
136 64.895102 25.115076
137 63.894700 21.790770
138 60.570394 20.790368
139 58.743518 17.838814
140 55.273006 17.733061
141 52.744156 15.355403
142 49.363947 16.151506
143 46.305459 14.509777
144 43.245910 16.153482
145 39.866215 15.359564
146 37.335828 17.738856
147 33.865246 17.846852
148 32.036463 20.799587
149 28.711510 21.802137
150 27.708960 25.127091
151 24.756225 26.955874
152 24.648229 30.426455
153 22.268936 32.956842
154 23.062855 36.336537
155 21.419149 39.396086
156 23.060878 42.454575
157 22.264776 45.834783
158 24.642434 48.363633
159 24.748187 51.834146
160 27.246649 50.391120
161 27.307663 47.258946
162 25.051169 45.087336
163 25.920761 42.077156
164 24.303587 39.395155
165 25.922494 36.712108
166 25.054848 33.702489
167 27.312745 31.529420
168 27.253755 28.397285
169 29.996770 26.882285
170 30.750456 23.841084
171 33.791658 23.087398
172 35.306658 20.344382
173 38.438793 20.403372
174 40.611862 18.145475
175 43.621480 19.013121
176 46.304527 17.394214
177 48.986529 19.011388
192 51.996708 18.141797
193 54.168319 20.398290
194 57.300493 20.337276
195 58.813720 23.079313
196 61.854436 23.831034
197 62.606157 26.871750
198 65.348194 28.384977
199 65.287180 31.517151
200 67.543673 33.688762
201 66.674082 36.698941
202 68.291256 39.380943
203 66.672349 42.063990
204 67.539995 45.073608
205 65.282098 47.246677
206 65.341088 50.378812
207 62.843558 48.937401
208 62.617582 46.143712
209 64.754084 44.327961
210 63.812710 41.688419
211 65.406819 39.381875
212 63.814200 37.076360
213 64.757280 34.436209
214 62.621950 32.621839
215 62.849732 29.828003
216 60.317211 28.628423
217 59.814171 25.871299
218 57.057047 25.368259
219 55.857467 22.835738
220 53.063631 23.063520
221 51.249261 20.928190
222 48.609110 21.871270
223 46.303595 20.278651
224 43.997051 21.872760
225 41.357509 20.931386
226 39.541758 23.067888
227 36.748070 22.841912
228 35.546853 25.375208
229 32.789403 25.880030
230 32.284581 28.637480
231 29.751285 29.838697
232 29.977261 32.632386
233 27.840759 34.448136
234 28.782133 37.087678
235 27.188024 39.394223
236 28.780643 41.699737
237 27.837563 44.339888
238 29.972892 46.154259
239 29.745111 48.948094
256 33.284599 46.903808
257 31.784954 43.281004
258 31.274310 39.392902
259 31.787467 35.504470
260 33.289452 31.880697
261 35.677910 28.768537
262 38.790069 26.380080
263 42.413842 24.878094
264 46.302275 24.364938
265 50.190377 24.875581
266 53.813180 26.375226
267 56.923797 28.761673
268 59.310244 31.872290
269 60.809889 35.495093
270 61.320532 39.383195
271 60.807376 43.271628
272 59.305390 46.895401
273 56.916933 50.007560
274 53.804773 52.396018
275 50.181000 53.898003
276 46.292568 54.411160
277 42.404466 53.900516
278 38.781662 52.400871
279 35.671046 50.014425
280 37.796321 47.889149
281 35.887163 45.400656
282 34.687448 42.502413
283 34.278933 39.391932
284 34.689458 36.281186
285 35.891046 33.382167
286 37.801812 30.892439
287 40.291540 28.981673
288 43.190558 27.780085
289 46.301304 27.369560
290 49.411786 27.778075
291 52.310029 28.977790
292 54.798522 30.886948
293 56.707680 33.375441
294 57.907395 36.273684
295 58.315910 39.384166
296 57.905385 42.494912
297 56.703797 45.393930
298 54.793031 47.883658
299 52.303303 49.794424
300 49.404285 50.996012
301 46.293538 51.406538
302 43.183057 50.998022
303 40.284814 49.798307
304 39.921596 45.763874
320 37.589941 41.723822
321 37.591449 37.057901
322 39.925714 33.016342
323 43.967274 30.682076
324 48.633195 30.680568
325 52.673247 33.012223
326 55.004902 37.052275
327 55.003394 41.718196
328 52.669128 45.759756
329 48.627569 48.094022
330 43.961648 48.095529
331 43.291118 44.593178
332 40.288177 39.389990
333 43.294481 34.184861
334 49.303725 34.182920
335 52.306666 39.386107
336 49.300362 44.591236
337 48.421324 41.511951
338 48.422697 37.262773
339 44.173519 37.264146
340 44.172146 41.513324
341 46.297421 39.388049
342 47.799733 39.387563
343 53.808977 39.385622
344 56.813599 39.384651
345 59.818221 39.383680
346 55.311288 39.385136
347 50.804355 39.386593
348 46.297907 37.885738
349 46.299848 31.876493
350 46.300819 28.871871
351 46.301790 25.867249
352 46.300334 30.374182
353 46.299363 33.378804
354 46.298878 34.881115
355 44.795110 39.388534
356 38.785866 39.390476
357 35.781244 39.391446
358 32.776621 39.392417
359 37.283555 39.390961
360 41.790488 39.389505
361 46.296936 40.890360
362 46.294995 46.899604
363 46.294024 49.904226
364 46.293053 52.908849
365 46.294509 48.401915
366 46.295480 45.397293
367 46.295965 43.894982
384 70.000171 63.090799
385 67.961225 61.051852
386 65.922279 59.012906
387 62.863860 55.954487
388 60.824913 53.915541
389 58.785967 51.876594
390 55.126067 54.685420
391 56.567479 57.182950
392 58.008891 59.680480
393 60.171008 63.426775
394 61.612420 65.924305
395 63.053831 68.421835
396 73.143712 85.904546
397 54.965570 71.774268
398 54.219922 68.988356
399 53.474275 66.202445
400 52.355804 62.023578
401 51.610157 59.237667
402 50.864510 56.451755
403 46.291713 57.055227
404 46.290781 59.939665
405 46.289850 62.824102
406 46.288452 67.150758
407 46.287520 70.035195
408 46.286588 72.919633
409 51.039001 75.490990
410 46.284258 80.130726
411 41.532512 75.494062
412 37.608344 71.779876
413 38.355792 68.993482
414 39.103239 66.207088
415 40.224411 62.027498
416 40.971858 59.241104
417 41.719306 56.454710
418 37.458889 54.691128
419 36.015863 57.189590
420 34.572837 59.688052
421 32.408299 63.435745
422 30.965273 65.934207
423 29.522247 68.432669
424 19.421067 85.921903
425 22.579351 63.106120
426 24.619615 61.065855
427 26.659879 59.025591
428 29.720275 55.965195
429 31.760539 53.924931
430 33.800803 51.884667
448 46.310144 0.009244
449 41.129318 0.037505
450 36.130666 0.030239
451 30.444403 0.124175
452 24.524113 0.092090
453 17.357135 0.269767
454 15.375197 6.801719
455 13.625525 12.458799
456 11.826062 17.854742
457 10.329866 22.625197
458 8.745013 27.558747
459 7.272614 32.167404
460 5.717964 36.919165
461 4.046656 42.356094
462 2.183033 47.976730
463 0.000000 54.444370
464 5.731478 58.747134
465 10.569928 62.155829
466 15.144606 65.531342
467 19.218309 68.425530
468 23.419675 71.454333
469 27.346868 74.275989
470 31.384693 77.220004
471 36.038031 80.486275
472 40.806539 83.992104
473 46.281695 88.062929
474 51.759483 83.988566
475 56.530257 80.479654
476 61.185707 77.210376
477 65.225435 74.263751
478 69.154452 71.439557
479 73.357776 68.408038
480 77.433351 65.511218
481 82.010210 62.132748
482 86.850864 58.720926
483 92.451971 54.817901
484 90.406269 47.948227
485 88.546277 42.328793
486 86.878482 36.892943
487 85.326902 32.142186
488 83.752822 27.207229
489 82.275816 22.601952
490 80.782703 17.832463
491 78.986726 12.437682
492 77.240709 6.781731
493 74.920521 0.000000
494 68.096127 0.078013
495 62.175814 0.113923
496 56.489611 0.023661
497 51.490953 0.034157
